ID,diary.household.id,diary.person.id,diary.trip.id,carD,carP,pt,bike,walk
BL35006Q11,BL35006Q,1,1,8.875100952302016E-4,0.00851454384640561,0.03270821150746297,0.006294289079927932,0.9515954454709732
BL35006Q12,BL35006Q,1,2,8.803433353838748E-4,0.008445787793628113,0.034429158495571204,0.0063792287350901335,0.9498654816403267
BL35006Q21,BL35006Q,2,1,6.798689941549332E-4,0.022383085801747114,0.0419292263804569,0.001861055608652097,0.933146763214989
BL35006Q22,BL35006Q,2,2,6.741439802010004E-4,0.02219460319752663,0.044119959637366646,0.0018855128049289674,0.9311257803799768
BL35007P11,BL35007P,1,1,2.3121001405651957E-4,0.003406476404873201,0.014625378124821377,0.010728887556731508,0.9710080478995173
BL35007P12,BL35007P,1,2,2.146948453862301E-4,0.0031631541913981,0.009351268482979383,0.010809268970460329,0.976461613509776
BL35007P13,BL35007P,1,3,3.960574806123975E-4,0.005835216386215238,0.02306704704053775,0.013045454015849377,0.9576562250767853
BL35007P14,BL35007P,1,4,3.77022829172693E-4,0.005554773987260624,0.01950534432545894,0.012676585545504519,0.9618862733126031
BL35010O11,BL35010O,1,1,0.6078935733916756,0.3601889832641288,0.02844226973542551,0.0020977620003335357,0.001377411608436611
BL35010O12,BL35010O,1,2,0.611848143197565,0.362532144205415,0.018826371422968613,0.004499631960609879,0.0022937092134415176
BL35010O21,BL35010O,2,1,0.8255375541934955,0.1425387900702974,0.02308157364582149,0.007380822564132119,0.0014612595262534574
BL35010O22,BL35010O,2,2,0.8243813162271375,0.1423391519558096,0.01515803823174296,0.015707271672962115,0.002414221912347808
BL35012L11,BL35012L,1,1,0.023797867432519677,0.5498451856620817,0.3717743131356572,0.051622968750577265,0.0029596650191641323
BL35012L12,BL35012L,1,2,0.028442340124767318,0.657154840907984,0.292143766923399,0.020750482195931664,0.001508569847918067
BL35012L21,BL35012L,2,1,0.0,0.6836322293097518,0.3060045700096102,0.010352777892567042,1.0422788071092078E-5
BL35012L22,BL35012L,2,2,0.0,0.768783762144527,0.22625570855270621,0.004956934127454874,3.5951753118147028E-6
BL35012L31,BL35012L,3,1,0.0,0.6836322293097518,0.3060045700096102,0.010352777892567042,1.0422788071092078E-5
BL35012L32,BL35012L,3,2,0.0,0.768783762144527,0.22625570855270621,0.004956934127454874,3.5951753118147028E-6
BL35013O11,BL35013O,1,1,0.0017802293628303662,0.017079063154257692,0.08076643312009035,0.011939876282812947,0.8884343980800087
BL35013O12,BL35013O,1,2,0.002096700467237278,0.020115205626410792,0.09726386790276645,0.011025497591948005,0.8694987284116374
BL35013O21,BL35013O,2,1,0.0012375823244457607,0.05090274013777232,0.052943298606936716,0.0032037505691336,0.8917126283617115
BL35013O22,BL35013O,2,2,0.0014563749475213308,0.05990185382620107,0.06370452744814352,0.002955940840017213,0.8719813029381169
BL35018Q21,BL35018Q,2,1,0.45310180933909766,0.1392697216472547,0.013417069598680043,0.01172945565835396,0.38248194375661365
BL35018Q22,BL35018Q,2,2,0.3942327302565136,0.1211751563895691,0.012912855373923586,0.014203918095728931,0.4574753398842648
BL35020Q11,BL35020Q,1,1,0.0034924297710717425,0.19232114086228838,0.8039892965810888,1.971327798861608E-4,5.6649554200942114E-12
BL35020Q13,BL35020Q,1,3,0.004922449109303135,0.17651024561876705,0.8185562692590472,1.1036011957451345E-5,9.251969830270291E-13
BL35024E11,BL35024E,1,1,0.11653787778269446,0.024734415955112925,0.012685054846022307,0.021556654046471908,0.8244859973696984
BL35024E12,BL35024E,1,2,0.10050580054351453,0.02133171054633757,0.012203134157076056,0.020027047175997077,0.8459323075770748
BL35024E13,BL35024E,1,3,0.8206326489971576,0.11341557157809777,0.04679372623878094,0.017815631907706467,0.001342421278257367
BL35024E14,BL35024E,1,4,0.8063778353327021,0.11144548442464475,0.04129536072836262,0.03819945431324456,0.002681865201045837
BL35039Q13,BL35039Q,1,3,0.0027938237619888895,0.05166888068255304,0.059220385228847254,0.011350667811383655,0.874966242515227
BL35041G11,BL35041G,1,1,0.27175968814796136,0.06686111386672063,0.005193697360268924,0.009409025989480062,0.646776474635569
BL35041G12,BL35041G,1,2,0.27934277594111345,0.06872678312714174,0.006960836632592895,0.007724920457588774,0.6372446838415632
BL35041G21,BL35041G,2,1,0.3065017155083115,0.28185262338458866,0.0076720294767360815,8.589236240372155E-4,0.4031147080063265
BL35041G22,BL35041G,2,2,0.313011584260814,0.287838963730969,0.010215747651285134,7.006142848223308E-4,0.38823309007210954
BL35043B15,BL35043B,1,5,0.5582659284693424,0.06576297933949307,0.009300884279003906,0.011595567578228841,0.3550746403339318
BL35043B17,BL35043B,1,7,0.31234773016938655,0.05650532431239998,0.01175724342973377,0.019177207988779383,0.6002124940997002
BL35043B21,BL35043B,2,1,0.6653657188355615,0.2689722141308649,0.06228599591876329,0.001398419749696326,0.0019776513651140926
BL35043B22,BL35043B,2,2,0.6603305079804697,0.2669367443524098,0.07053564672762327,7.532381470595844E-4,0.00144386279243779
BL35043B23,BL35043B,2,3,0.4435905544806121,0.17932022980534024,0.012367260996106336,0.0035562633130329703,0.36116569140490845
BL35043B27,BL35043B,2,7,0.23995961695735538,0.14896897078805757,0.015115183863600857,0.005686511420485788,0.5902697169705005
BL35043B31,BL35043B,3,1,0.17503547232309233,0.3027116562006796,0.11805143615962799,0.12213920703742966,0.2820622282791705
BL35043B32,BL35043B,3,2,0.20389983289777464,0.3526305570884223,0.13787227842056765,0.08010992314698268,0.22548740844625276
BL35043B33,BL35043B,3,3,0.04043928917530999,0.06993693357904168,0.02148680121679478,0.033445641216389856,0.8346913348124637
BL35043B34,BL35043B,3,4,0.04255392915463123,0.07359405611490641,0.021956532771416782,0.03288498998682814,0.8290104919722174
BL35043B41,BL35043B,4,1,0.0,0.9332137121434236,0.06452559734890562,0.0022018883338602454,5.880217381033306E-5
BL35043B42,BL35043B,4,2,0.0,0.9259962269891191,0.07305962483485647,9.114699770867388E-4,3.2678198937640654E-5
BL35043B43,BL35043B,4,3,0.0,0.9374216685255952,0.03679635697571597,0.013914739822407833,0.011867234676281107
BL35043B45,BL35043B,4,5,0.0,0.5523465191897442,0.016733899867330725,0.017420063045980844,0.41349951789694434
BL35044L11,BL35044L,1,1,0.8284341225916405,0.14303891674864186,0.018788630167204518,0.009708418074671904,2.99124178410597E-5
BL35044L12,BL35044L,1,2,0.8370428654667652,0.14452531768487226,0.014748075656089826,0.0036687463781659066,1.4994814106588157E-5
BL35045C11,BL35045C,1,1,0.7987373295652018,0.1674977650754781,0.032111658695393897,6.896497373099729E-4,9.635969266162491E-4
BL35045C12,BL35045C,1,2,0.792879910088841,0.16626944553276427,0.038725574620101254,7.283409585432924E-4,0.0013967287997502544
BL35045C13,BL35045C,1,3,0.6592204903793376,0.21229823967376446,0.031011267145295316,0.029943151473891386,0.06752685132771133
BL35045C14,BL35045C,1,4,0.6972993959805036,0.22456133638542639,0.030252469015207572,0.01344684904112784,0.03443994957773464
BL35045C21,BL35045C,2,1,0.693571081184182,0.2803741522627973,0.025131513373927498,1.8517700048426315E-4,7.380761786089634E-4
BL35045C22,BL35045C,2,2,0.6896047231686825,0.27877076322837024,0.03035705182174852,1.9588402625742376E-4,0.001071577754941267
BL35045C23,BL35045C,2,3,0.5657353905164602,0.3512133413623271,0.023986731275683598,0.007946056196074924,0.05111848064945404
BL35045C24,BL35045C,2,4,0.5849861839078179,0.36316439760556884,0.0228747340127475,0.003488336118433909,0.02548634835543173
BL35046C13,BL35046C,1,3,0.48983935360309383,0.45044611453830263,0.059713791486689774,7.403719134521259E-7,1.280549632490755E-16
BL35046C21,BL35046C,2,1,0.6431919984152996,0.2646877398985104,0.08752252598664353,0.004586048062320198,1.1687637226276538E-5
BL35050C11,BL35050C,1,1,0.3399379844720544,0.28700859763370024,0.04168245843805874,0.0024820094620181727,0.3288889499941685
BL35050C12,BL35050C,1,2,0.3740365363107463,0.31579790036420313,0.047190476880329596,0.0013863312007444796,0.26158875524397646
BL35050C21,BL35050C,2,1,0.47755150229491183,0.11749213280955526,0.03499175523848264,0.009033649200983377,0.360930960456067
BL35050C22,BL35050C,2,2,0.5326624297863476,0.13105109007587087,0.0401591291755893,0.005114984302781958,0.29101236665941027
BL35055L11,BL35055L,1,1,0.6566601435230708,0.31143770564587964,0.03190058129603484,1.5695350145402867E-6,6.953824091370641E-22
BL35056L11,BL35056L,1,1,0.011960506358701498,0.11474602527192915,0.7460876688457739,0.06849871928267609,0.05870708024091933
BL35056L12,BL35056L,1,2,0.014777310803108495,0.1417697234558159,0.77835187219892,0.02654010668905716,0.03856098685309862
BL35056L13,BL35056L,1,3,0.0012304613708738383,0.011804730278472127,0.05886383413228649,0.008348653697639463,0.9197523205207281
BL35056L14,BL35056L,1,4,0.0012304613708738383,0.011804730278472127,0.05886383413228649,0.008348653697639463,0.9197523205207281
BL35061H13,BL35061H,1,3,0.5588735308856078,0.2822493024347981,0.014612922335216997,0.0014858978419133848,0.1427783465024637
BL35061H21,BL35061H,2,1,0.8478980179003748,0.09988125190814255,0.008536173999728391,0.01000976650950957,0.03367478968224471
BL35061H23,BL35061H,2,3,0.8260479949246415,0.0973073484398432,0.01259610254991846,0.004007493412301501,0.06004106067329523
BL35061H33,BL35061H,3,3,0.0,0.8783121608962553,0.021760430999854294,0.005922480341937894,0.0940049277619523
BL35061H43,BL35061H,4,3,0.0,0.8783121608962553,0.021760430999854294,0.005922480341937894,0.0940049277619523
BL35065N11,BL35065N,1,1,0.0013269338907920536,0.047581482669046694,0.08665496667012029,7.187777884039002E-4,0.863717838981637
BL35065N12,BL35065N,1,2,0.0013269338907920536,0.047581482669046694,0.08665496667012029,7.187777884039002E-4,0.863717838981637
BL35067P11,BL35067P,1,1,0.46495242736698267,0.4904289178457245,0.03775552334860991,0.0036764755360538296,0.003186655902629026
BL35067P12,BL35067P,1,2,0.46568387899977204,0.49120044846178523,0.03873053505096223,0.0022384562820370276,0.0021466812054434913
BL35067P31,BL35067P,3,1,0.049816310210809275,0.06581842827467349,0.040235979373570506,0.008776457365775456,0.8353528247751711
BL35067P32,BL35067P,3,2,0.04868845854954302,0.06432828532034009,0.0408416010004528,0.009173838879644486,0.8369678162500196
BL35070B11,BL35070B,1,1,0.16218197528779338,0.21028507885136666,0.05281838649973251,0.008896735759428759,0.5658178236016786
BL35070B12,BL35070B,1,2,0.2069988480237521,0.2683946166124478,0.0,0.007353390825480558,0.5172531445383196
BL35070B21,BL35070B,2,1,0.22522731618997918,0.08509818437455963,0.04383242395319243,0.03201020360772985,0.6138318718745389
BL35070B22,BL35070B,2,2,0.292234245559084,0.11041557538327457,0.0,0.02689614865025807,0.5704540304073834
BL35070B31,BL35070B,3,1,0.04009874965287362,0.08136121799432325,0.0576133309034048,0.05746719146641024,0.7634595099829882
BL35070B32,BL35070B,3,2,0.056837515611477644,0.11532453101289618,0.0,0.05274919576956679,0.7750887576060594
BL35070B41,BL35070B,4,1,0.0,0.525216822908978,0.03776667014470029,0.03466630726197601,0.40235019968434566
BL35070B42,BL35070B,4,2,0.0,0.6162938863089898,0.0,0.026703247566616354,0.3570028661243938
BL35072B21,BL35072B,2,1,0.6984257777139083,0.2823366496346474,0.018080247340714627,0.0011547602433212292,2.5650674085126207E-6
BL35072B22,BL35072B,2,2,0.7020533845744704,0.28380309947067023,0.01395686400449533,1.859681868047784E-4,6.837635592660877E-7
BL35074B11,BL35074B,1,1,0.7435246183648703,0.19924062017954286,0.05527850648713332,0.0019497391294307108,6.515839022744129E-6
BL35074B12,BL35074B,1,2,0.7577385717247734,0.20304950130154015,0.038417652024179315,7.907681166818018E-4,3.5068328252678606E-6
BL35074B13,BL35074B,1,3,0.7460420532275495,0.19991521153928135,0.052230687150370395,0.0018060125640144058,6.035518784303827E-6
BL35074B14,BL35074B,1,4,0.7653049841884811,0.20507705583647762,0.028795375131115245,8.189530190345888E-4,3.631824891415483E-6
BL35094L11,BL35094L,1,1,0.5160974280185596,0.2606459798083509,0.01811885794128995,0.002888438019861852,0.20224929621193757
BL35094L12,BL35094L,1,2,0.5405334808186331,0.2729869809041647,0.017654687181122276,0.0025144475200941925,0.1663104035759859
BL35095L11,BL35095L,1,1,0.008545099355053076,0.08928924720159308,0.33372508977767845,0.013519904055979933,0.5549206596096955
BL35095L12,BL35095L,1,2,0.009478959606284455,0.09904731733738756,0.36450971989474246,0.01274783790116485,0.5142161652604207
BL35095L21,BL35095L,2,1,0.002824349695169174,0.09298506345283258,0.23584175456722153,0.008224971807264364,0.6601238604775124
BL35095L22,BL35095L,2,2,0.003142376078797752,0.1034553333036086,0.2583670275198993,0.007778457396279487,0.6272568057014147
BL35105G11,BL35105G,1,1,0.4802637561173623,0.40548521622734124,0.10487904714726866,0.0021657579461574284,0.007206222561870563
BL35105G14,BL35105G,1,4,0.46869427819999193,0.3957171415075492,0.09150190314731092,0.0022080440152312014,0.041878633129916625
BL35105G21,BL35105G,2,1,0.6261987842696182,0.2576946562517707,0.0353042029661018,0.0036365500674292064,0.07716580644508012
BL35105G22,BL35105G,2,2,0.5284699664147358,0.21747708516149777,0.09100905865634565,0.01116857957522858,0.15187531019219233
BL35108O11,BL35108O,1,1,0.004975046100763254,0.047729314168365136,0.3011209478709909,0.025394892251435066,0.6207797996084455
BL35111O11,BL35111O,1,1,0.6914909781592087,0.17012772329699086,0.050259680647731814,0.01459191715928875,0.07352970073677986
BL35111O12,BL35111O,1,2,0.6980084668436655,0.17173122290367004,0.04389337331117762,0.016568850133015123,0.06979808680847177
BL35112M11,BL35112M,1,1,0.4099519889163318,0.2985892667620954,0.04793958007966819,0.011543720379607296,0.23197544386229726
BL35112M31,BL35112M,3,1,0.6470606294252383,0.11172264514423377,0.006930258072119163,0.015541146366137166,0.21874532099227142
BL35116P11,BL35116P,1,1,0.8125685925470124,0.11230107829946827,0.0735836562939662,0.0015466693690553298,3.490497617924631E-9
BL35116P12,BL35116P,1,2,0.787965550115132,0.10890081373117237,0.10222130502863247,9.123286325857053E-4,2.492477363531455E-9
BL35117P11,BL35117P,1,1,0.0016899861434225081,0.00910765457306283,0.0346148637656962,0.009532554376685301,0.9450549411411331
BL35117P12,BL35117P,1,2,0.0016667551769554143,0.0089824585063352,0.0384103792098828,0.009913772075666454,0.9410266350311601
BL35120L21,BL35120L,2,1,0.0011040286122584232,0.013232464958115394,0.029626828809946867,0.007976511424176495,0.9480601661955028
BL35120L22,BL35120L,2,2,0.0011147201515568552,0.013360609661562368,0.031027088253654897,0.008031363308436717,0.9464662186247892
BL35120L33,BL35120L,3,3,0.0,0.024599324061108846,0.008924528049217248,0.009645237561934382,0.9568309103277395
BL35120L34,BL35120L,3,4,0.0,0.024854836584245706,0.010042256391414497,0.009885002329936662,0.9552179046944033
BL35124M21,BL35124M,2,1,0.03531537273533423,0.1601202959527838,0.03813144243261501,0.002832806660512077,0.7636000822187549
BL35124M22,BL35124M,2,2,0.03769905320598738,0.17092792993355083,0.045554130357568445,0.0030523445670756896,0.7427665419358176
BL35124M31,BL35124M,3,1,0.0,0.9635822428095908,0.036416615442391706,1.1417480173669876E-6,5.567150114655825E-24
BL35125M11,BL35125M,1,1,0.6448731350310813,0.30584741831478207,0.03778944958586374,0.00177458305467756,0.009715414013595047
BL35125M12,BL35125M,1,2,0.6189838546656972,0.293568771350525,0.07021160851576908,0.0032582851911634662,0.013977480276845212
BL35125M21,BL35125M,2,1,0.8388407606918562,0.11593202446080444,0.029374310984290893,0.005980546055415221,0.009872357807633231
BL35125M22,BL35125M,2,2,0.8082334303276094,0.11170193701304956,0.05478457449255401,0.011022645790950464,0.014257412375836732
BL35126M21,BL35126M,2,1,0.36363769840206744,0.3070181934131683,0.022961535020728552,0.004499854099467256,0.3018827190645684
BL35126M22,BL35126M,2,2,0.3676794827193093,0.31043065951527526,0.02172879078858552,0.004173954616986207,0.2959871123598436
BL35130C14,BL35130C,1,4,0.7914810969293267,0.0932354141111103,0.01593016790604532,0.007507783791337451,0.09184553726218019
BL35130C31,BL35130C,3,1,0.0,0.9517417229561567,0.006451471173646737,0.00498801317269425,0.03681879269750245
BL35130C34,BL35130C,3,4,0.0,0.9153706904114716,0.02277224553577836,0.008688515290989806,0.053168548761760304
BL35130C41,BL35130C,4,1,0.0,0.9517417229561567,0.006451471173646737,0.00498801317269425,0.03681879269750245
BL35130C44,BL35130C,4,4,0.0,0.9153706904114716,0.02277224553577836,0.008688515290989806,0.053168548761760304
BL35130C51,BL35130C,5,1,0.0,0.9517417229561567,0.006451471173646737,0.00498801317269425,0.03681879269750245
BL35130C54,BL35130C,5,4,0.0,0.9153706904114716,0.02277224553577836,0.008688515290989806,0.053168548761760304
BL35132C31,BL35132C,3,1,0.0,0.9795540546332215,0.00932818994003367,0.002021185506629785,0.00909656992011519
BL35132C34,BL35132C,3,4,0.0,0.9659976344921651,0.008989189250036738,0.004456536205656513,0.020556640052141736
BL35132C41,BL35132C,4,1,0.0,0.9795540546332215,0.00932818994003367,0.002021185506629785,0.00909656992011519
BL35132C44,BL35132C,4,4,0.0,0.9659976344921651,0.008989189250036738,0.004456536205656513,0.020556640052141736
BL35135C11,BL35135C,1,1,0.6503171281902858,0.32843129196376153,0.01226657916728443,0.006403736267501972,0.002581264411166459
BL35135C12,BL35135C,1,2,0.6426598037421382,0.3245640941729094,0.026264113287352727,0.004680714028688817,0.0018312747689109379
BL35135C21,BL35135C,2,1,0.842422812346319,0.12397748303929171,0.009495553253179865,0.021492039602933992,0.0026121117582755776
BL35135C22,BL35135C,2,2,0.8384441631777055,0.123391954130777,0.020476118452696205,0.01582138087434591,0.001866383364475279
BL35144B11,BL35144B,1,1,0.7887863673904528,0.1654110165751565,0.03943202172102282,0.004186539322430887,0.0021840549909369635
BL35144B12,BL35144B,1,2,0.7885536007155196,0.16536220466116144,0.04249138081330056,0.002261153952760369,0.001331659857257958
BL35144B21,BL35144B,2,1,0.5796326561166736,0.417123367186047,0.003034539088114289,2.0164639948503816E-4,7.791209680060047E-6
BL35144B22,BL35144B,2,2,0.5785402133753256,0.4163372082456899,0.004903423803648836,2.0664865123783919E-4,1.2505924097867016E-5
BL35146P21,BL35146P,2,1,0.06384786976559713,0.0827851202596674,0.015429015471375044,0.0025537069466064917,0.8353842875567539
BL35146P22,BL35146P,2,2,0.06384786976559713,0.0827851202596674,0.015429015471375044,0.0025537069466064917,0.8353842875567539
BL35146P33,BL35146P,3,3,0.21843911857195633,0.05792116781504593,0.008925456153519999,0.010381490749918095,0.7043327667095596
BL35146P34,BL35146P,3,4,0.18942300791664912,0.050227275688062456,0.0074207423730673515,0.01515711587188215,0.7377718581503389
BL35148H11,BL35148H,1,1,0.5529915910291049,0.39795155093746004,0.03903812783389252,9.257821244291828E-4,0.009092948075113393
BL35148H12,BL35148H,1,2,0.5472532962679688,0.39382207892201626,0.05367336918685774,3.035589407565897E-4,0.0049476966824005455
BL35148H13,BL35148H,1,3,0.4092214166457276,0.29448964518236365,0.0357017942610655,0.001426912725697099,0.2591602311851461
BL35148H14,BL35148H,1,4,0.448369432888952,0.3226618887261105,0.036689669430869626,6.754615408888464E-4,0.19160354741317898
BL35148H23,BL35148H,2,3,0.20105342493169906,0.0363716072907703,0.006579190063411546,0.008223555744985872,0.7477722219691333
BL35148H24,BL35148H,2,4,0.2542244386071775,0.04599051942476486,0.009471888880501622,0.006023718306372804,0.6842894347811832
BL35149I21,BL35149I,2,1,0.36799822160579665,0.3881622268611863,0.03974919265773267,0.0031946227050813655,0.200895736170203
BL35149I22,BL35149I,2,2,0.3870055013295778,0.4082109868578029,0.049478476073395526,0.0016233509546529214,0.15368168478457084
BL35150Q11,BL35150Q,1,1,0.5159248764797476,0.4638424398157512,0.0201692077407473,3.719544039689983E-5,2.6280523356992945E-5
BL35150Q12,BL35150Q,1,2,0.505364380298588,0.4543480220474963,0.04021385197574527,5.078737780374549E-5,2.2958300366711978E-5
BL35150Q13,BL35150Q,1,3,0.11018722544031113,0.15213387297782377,0.0072427328245499014,0.0020623953915176797,0.7283737733657976
BL35150Q14,BL35150Q,1,4,0.14170718463125323,0.19565301459028395,0.010610791531744731,0.0013300443759269216,0.6506989648707912
BL35150Q21,BL35150Q,2,1,0.8621232321947584,0.12687674981107375,0.010847368395529234,1.2900976881793284E-4,2.3639829820464447E-5
BL35150Q22,BL35150Q,2,2,0.8525064536353841,0.12546146999758342,0.021833401096737506,1.7782747004469488E-4,2.084780025036465E-5
BL35150Q31,BL35150Q,3,1,0.0,0.9731395871573848,0.02685872508985026,1.6738472955190924E-6,1.3905469498344527E-8
BL35150Q32,BL35150Q,3,2,0.0,0.9468058297829733,0.05319120805444655,2.9528689999436638E-6,9.293580399188919E-9
BL35150Q41,BL35150Q,4,1,0.0,0.9731395871573848,0.02685872508985026,1.6738472955190924E-6,1.3905469498344527E-8
BL35150Q42,BL35150Q,4,2,0.0,0.9468058297829733,0.05319120805444655,2.9528689999436638E-6,9.293580399188919E-9
BL35158H11,BL35158H,1,1,0.3213161800528364,0.2954756978557627,0.02621287233915009,0.0010419914784295767,0.35595325827382124
BL35158H13,BL35158H,1,3,0.4949480214827416,0.4551439396108031,0.0493276575676493,4.234196077861428E-4,1.5696173101980126E-4
BL35159H11,BL35159H,1,1,0.6426266751694674,0.3047819778247091,0.02793995087824704,0.0029809927010861683,0.02167040342649031
BL35159H13,BL35159H,1,3,0.3940966150399607,0.18691030177704188,0.04083951840358599,0.0028841562557116655,0.3752694085236999
BL35159H21,BL35159H,2,1,0.8315681131323384,0.11492690788293403,0.021605115809067706,0.009993998040517996,0.021905865135141873
BL35159H23,BL35159H,2,3,0.5094353881977584,0.07040654037487488,0.03154706053530037,0.009659273420175168,0.37895173747189115
BL35161P11,BL35161P,1,1,0.0022412518696759403,0.023419235273629508,0.11969332593168548,0.005155529283354038,0.8494906576416551
BL35161P14,BL35161P,1,4,0.001516310699835535,0.015844197391569666,0.04841880282017151,0.002698468201308076,0.9315222208871151
BL35162Q11,BL35162Q,1,1,0.002339890449589786,0.03447420579528744,0.12207658241849945,0.07670636163405131,0.764402959702572
BL35162Q12,BL35162Q,1,2,0.002906032462999546,0.042815321202236564,0.18158514047289373,0.04868164612141084,0.7240118597404593
BL35162Q13,BL35162Q,1,3,0.002250659278966154,0.03315954008520141,0.1233613124853562,0.07671722924957561,0.7645112589009007
BL35162Q14,BL35162Q,1,4,0.002957396609543975,0.04357208233982845,0.19585073723360022,0.04773196348948418,0.7098878203275433
BL35169N11,BL35169N,1,1,0.021343511445673778,0.2558151701433484,0.6237841222932962,0.03273766361079858,0.06631953250688302
BL35169N13,BL35169N,1,3,0.02880401623264731,0.3452339289212882,0.39256701813131484,0.12090726200464323,0.1124877747101064
BL35173M11,BL35173M,1,1,0.5008200258647066,0.3109133309559023,0.18808248311555828,1.8398661134052586E-4,1.7345249224994203E-7
BL35173M12,BL35173M,1,2,0.5255588662802204,0.3262714134612764,0.14738583183582743,7.835754257669467E-4,3.129969088446054E-7
BL35173M21,BL35173M,2,1,0.7110981175438732,0.12864133742212103,0.15958353241293874,6.76820230966622E-4,1.923901004516748E-7
BL35173M22,BL35173M,2,2,0.7394535498839987,0.13377098219184036,0.12391878584307768,0.002856338060907132,3.4402017618079017E-7
BL35174O11,BL35174O,1,1,0.2673283686452148,0.2458296257259709,0.021501372933751223,7.346083247418724E-4,0.4646060243703214
BL35174O14,BL35174O,1,4,0.34825945128713603,0.3202521715122174,0.02865454160256845,9.652002059443693E-4,0.3018686353921336
BL35178M11,BL35178M,1,1,0.4031405043565765,0.3403702913177549,0.048734249727179046,0.0019721610404618696,0.2057827935580277
BL35178M12,BL35178M,1,2,0.38416200327833144,0.32434680106815456,0.09124355594707693,0.0015611784011401288,0.198686461305297
BL35178M41,BL35178M,4,1,0.31950319586313575,0.4221348006598004,0.1536975124584559,0.03747317157016609,0.06719131944844173
BL35181J11,BL35181J,1,1,0.5035047398918736,0.425107507543534,0.058452194646271737,0.0031322813851452948,0.009803276533175444
BL35181J14,BL35181J,1,4,0.5085545589766673,0.4293710543080461,0.055804695615600655,0.006079610550043103,1.900805496426372E-4
BL35183P11,BL35183P,1,1,9.098569817325774E-4,0.010905198012073644,0.009802177252251267,0.010174309305149176,0.9682084584487934
BL35183P12,BL35183P,1,2,8.563824214535373E-4,0.010264272371935073,0.008761235609992719,0.010034807144385052,0.9700833024522337
BL35188L11,BL35188L,1,1,0.0026758832873827894,0.0494876935966045,0.038848265884580416,0.009519890300019679,0.8994682669314126
BL35188L13,BL35188L,1,3,0.004294725650067497,0.07942650864264499,0.0966137921228903,0.007965004991235734,0.8116999685931615
BL35191L13,BL35191L,1,3,0.6382592836877854,0.08821065255317205,0.00956394137136528,0.016545285489100288,0.2474208368985771
BL35191L14,BL35191L,1,4,0.6593375849541608,0.09112378011267476,0.041854974513421246,0.011844490253019525,0.19583917016672367
BL35191L15,BL35191L,1,5,0.671959718341959,0.09286822261622553,0.04039039953769894,0.0075768239200729864,0.1872048355840436
BL35191L16,BL35191L,1,6,0.22024945288659012,0.04674653155896015,0.01207679927998595,0.015850349928342295,0.7050768663461215
BL35191L17,BL35191L,1,7,0.18670489621952105,0.03962691488651415,0.011464232263802563,0.016929719846440393,0.745274236783722
BL35191L31,BL35191L,3,1,0.0,0.4919369964146485,0.015843913650669967,0.01654272753260204,0.4756763624020796
BL35191L32,BL35191L,3,2,0.0,0.4876262722298717,0.013516508676537545,0.015933060427891454,0.48292415866569927
BL35191L33,BL35191L,3,3,0.0,0.24743117563756895,0.009307355017311815,0.01386462550794151,0.7293968438371776
BL35191L34,BL35191L,3,4,0.0,0.20491534177120874,0.008631744862866105,0.01641178059573812,0.7700411327701869
BL35191L41,BL35191L,4,1,0.0,0.4919369964146485,0.015843913650669967,0.01654272753260204,0.4756763624020796
BL35191L42,BL35191L,4,2,0.0,0.4876262722298717,0.013516508676537545,0.015933060427891454,0.48292415866569927
BL35191L43,BL35191L,4,3,0.0,0.24743117563756895,0.009307355017311815,0.01386462550794151,0.7293968438371776
BL35191L44,BL35191L,4,4,0.0,0.20491534177120874,0.008631744862866105,0.01641178059573812,0.7700411327701869
BL35191L51,BL35191L,5,1,0.0,0.7837408901897162,0.05241520230590312,0.016848034912077224,0.14699587259230357
BL35191L52,BL35191L,5,2,0.0,0.810332382335205,0.051314915250535,0.005466160457119866,0.1328865419571403
BL35191L53,BL35191L,5,3,0.0,0.24743117563756895,0.009307355017311815,0.01386462550794151,0.7293968438371776
BL35191L54,BL35191L,5,4,0.0,0.20491534177120874,0.008631744862866105,0.01641178059573812,0.7700411327701869
BL35193J11,BL35193J,1,1,0.6092733865041929,0.36100654986434666,0.029710291234830436,9.77239662984678E-6,3.337767601264231E-18
BL35194P15,BL35194P,1,5,0.08977151954079707,0.08168684267839434,0.008879905770091758,0.007773853922521052,0.8118878780881958
BL35194P16,BL35194P,1,6,0.0929251302223475,0.08455644431742688,0.011007099892318266,0.007615394173051496,0.8038959313948559
BL35194P23,BL35194P,2,3,0.11609521567643648,0.030783728270281162,0.006862399307314905,0.02604662097670705,0.8202120357692604
BL35194P24,BL35194P,2,4,0.12039040185158627,0.03192263690932954,0.00852164572566192,0.025561735788336138,0.8136035797250862
BL35195O11,BL35195O,1,1,0.4452117100661867,0.40940745873342693,0.03129092651936738,9.891815390101395E-4,0.11310072314200871
BL35195O12,BL35195O,1,2,0.4302255982130379,0.39562654095572425,0.032013880052576056,0.0012643627966766081,0.14086961798198513
BL35197Q11,BL35197Q,1,1,0.6678084595963866,0.27481795838750694,0.04537031322091257,0.005782827661769465,0.006220441133424323
BL35197Q14,BL35197Q,1,4,0.21044272642669445,0.08660183860060483,0.02299347546993702,0.005432853352367784,0.674529106150396
BL35197Q15,BL35197Q,1,5,0.2253668609290058,0.09274345018950954,0.017696343667534167,0.005376576207049708,0.6588167690069008
BL35199G21,BL35199G,2,1,0.4977439154115284,0.4577149857050369,0.04282957601787267,6.362481157789369E-4,0.001075274749783111
BL35205L11,BL35205L,1,1,0.01633500525627201,0.17068734508090855,0.5591113049164249,0.0211135682484629,0.2327527764979317
BL35205L12,BL35205L,1,2,0.01983168944482857,0.20722481362576536,0.5609589547251019,0.018245477317101796,0.19373906488720238
BL35205L13,BL35205L,1,3,0.0058374767566795336,0.060996822096923996,0.13388689496636588,0.01617720424568387,0.7831016019343467
BL35205L14,BL35205L,1,4,0.006885781701723299,0.07195074498201184,0.15350930022429152,0.014111444976717118,0.7535427281152562
BL35206O11,BL35206O,1,1,0.01720426978211562,0.20620380168962585,0.6165211336382801,0.08917901865006198,0.0708917762399165
BL35206O12,BL35206O,1,2,0.018989957406787973,0.22760637102275313,0.6614747699634156,0.04303885876193552,0.04889004284510774
BL35206O13,BL35206O,1,3,0.0036400924314181214,0.04362875654509461,0.06125911931588228,0.04753113592334169,0.8439408957842632
BL35206O14,BL35206O,1,4,0.004451922374736878,0.05335903994322063,0.08764174898494308,0.041438163448639084,0.8131091252484605
BL35206O21,BL35206O,2,1,0.009142911915402509,0.37605520064348086,0.5482824923382937,0.018292443065914425,0.04822695203690845
BL35206O22,BL35206O,2,2,0.009560990249488263,0.3932510932938795,0.5573144287766807,0.008363736906549407,0.03150975077340216
BL35206O31,BL35206O,3,1,0.0,0.5083853979649946,0.4704762931128156,0.019680507878270997,0.0014578010439187372
BL35206O32,BL35206O,3,2,0.0,0.5229675156363716,0.47043211162427967,0.0059570245251635776,6.433482141853121E-4
BL35206O33,BL35206O,3,3,0.0,0.27102291602104156,0.11778698447169286,0.07281450430177619,0.5383755952054894
BL35206O34,BL35206O,3,4,0.0,0.33209706307418313,0.16883459478198462,0.05977035230926349,0.4392979898345688
BL35206O35,BL35206O,3,5,0.0,0.27211096091215436,0.11761117986890002,0.07270582400009644,0.5375720352188492
BL35206O36,BL35206O,3,6,0.0,0.332688341144323,0.16868512966084734,0.059717439083986065,0.4389090901108435
BL35206O41,BL35206O,4,1,0.0,0.5083853979649946,0.4704762931128156,0.019680507878270997,0.0014578010439187372
BL35206O42,BL35206O,4,2,0.0,0.5229675156363716,0.47043211162427967,0.0059570245251635776,6.433482141853121E-4
BL35206O43,BL35206O,4,3,0.0,0.27102291602104156,0.11778698447169286,0.07281450430177619,0.5383755952054894
BL35206O44,BL35206O,4,4,0.0,0.33209706307418313,0.16883459478198462,0.05977035230926349,0.4392979898345688
BL35206O45,BL35206O,4,5,0.0,0.27211096091215436,0.11761117986890002,0.07270582400009644,0.5375720352188492
BL35206O46,BL35206O,4,6,0.0,0.332688341144323,0.16868512966084734,0.059717439083986065,0.4389090901108435
BL35206O51,BL35206O,5,1,0.0,0.5083853979649946,0.4704762931128156,0.019680507878270997,0.0014578010439187372
BL35206O52,BL35206O,5,2,0.0,0.5229675156363716,0.47043211162427967,0.0059570245251635776,6.433482141853121E-4
BL35206O53,BL35206O,5,3,0.0,0.27102291602104156,0.11778698447169286,0.07281450430177619,0.5383755952054894
BL35206O54,BL35206O,5,4,0.0,0.33209706307418313,0.16883459478198462,0.05977035230926349,0.4392979898345688
BL35206O55,BL35206O,5,5,0.0,0.27211096091215436,0.11761117986890002,0.07270582400009644,0.5375720352188492
BL35206O56,BL35206O,5,6,0.0,0.332688341144323,0.16868512966084734,0.059717439083986065,0.4389090901108435
BL35206O61,BL35206O,6,1,0.0,0.5083853979649946,0.4704762931128156,0.019680507878270997,0.0014578010439187372
BL35206O62,BL35206O,6,2,0.0,0.5229675156363716,0.47043211162427967,0.0059570245251635776,6.433482141853121E-4
BL35207O13,BL35207O,1,3,0.4978080230642497,0.06879957986193934,0.017144667393244325,0.013614770383887014,0.4026329592966797
BL35207O14,BL35207O,1,4,0.515993395808163,0.07131289010694619,0.01733327832477817,0.013186769586865618,0.38217366617324716
BL35207O33,BL35207O,3,3,0.08820434686224851,0.11653756476343037,0.04164032390405854,0.030363332923498448,0.7232544315467642
BL35207O34,BL35207O,3,4,0.09423164606736811,0.12450096788870005,0.043390063255100926,0.030311126413139416,0.7075661963756916
BL35207O43,BL35207O,4,3,0.08820434686224851,0.11653756476343037,0.04164032390405854,0.030363332923498448,0.7232544315467642
BL35207O44,BL35207O,4,4,0.09423164606736811,0.12450096788870005,0.043390063255100926,0.030311126413139416,0.7075661963756916
BL35208M13,BL35208M,1,3,0.5396077271224288,0.09316963491958392,0.009180529336241932,0.014215954416840955,0.3438261542049044
BL35208M14,BL35208M,1,4,0.5509015346675151,0.09511964392230712,0.008479321041228612,0.014618949076470622,0.3308805512924784
BL35212L11,BL35212L,1,1,0.2991345767049257,0.39522332340575256,0.216090842231335,0.07920569156426976,0.010345566093716738
BL35212L12,BL35212L,1,2,0.34443496150003555,0.4550752095618069,0.15458812934901225,0.038468233867708285,0.00743346572143706
BL35212L13,BL35212L,1,3,0.06339396363582601,0.08375752902924785,0.04796749199452541,0.012580293743127285,0.7923007215972735
BL35212L14,BL35212L,1,4,0.0638812970008957,0.08440140482010748,0.04982533441922445,0.011972052823988557,0.7899199109357838
BL35212L31,BL35212L,3,1,0.7091650653057355,0.1900333680032141,0.09720965088617836,0.0016381582462377908,0.0019537575586341636
BL35212L32,BL35212L,3,2,0.7136512678466415,0.1912355256109432,0.09207853772694048,0.00130612117941692,0.0017285476360581263
BL35212L33,BL35212L,3,3,0.7276337556490796,0.19498238142795338,0.06978783365166889,0.002530176607490797,0.005065852663807354
BL35212L34,BL35212L,3,4,0.7263104318150814,0.19462777331563014,0.07480569423705351,0.0012145816346272472,0.0030415189976078106
BL35216L25,BL35216L,2,5,0.235137359673174,0.2480214191001439,0.012483063867261543,0.0035608134259241466,0.5007973439334964
BL35216L27,BL35216L,2,7,0.4220878977885186,0.44521567963514147,0.05883124241195557,0.0016313140379671186,0.07223386612641752
BL35216L28,BL35216L,2,8,0.30871279143889907,0.3256283252200599,0.03475065070580236,0.0023718884586502826,0.3285363441765884
BL35216L29,BL35216L,2,9,0.3160277075742498,0.333344053095077,0.03125064252712137,0.0021232329829635696,0.3172543638205883
BL35216L43,BL35216L,4,3,0.0,0.440026223646954,0.014057317730678904,0.020297638508262775,0.5256188201141043
BL35216L45,BL35216L,4,5,0.0,0.89265883256783,0.07487123087644158,0.004152433429591049,0.028317503126137417
BL35217L11,BL35217L,1,1,0.0016079855828305576,0.046536416288195256,0.11928125925681854,0.17089390305668595,0.6616804358154698
BL35217L12,BL35217L,1,2,0.00208405090516671,0.06031413560182897,0.2086201364772928,0.13076697558394465,0.5982147014317669
BL35220L13,BL35220L,1,3,0.5593751429491075,0.282502632834596,0.008076893656981417,0.0024485594301063658,0.1475967711292086
BL35220L15,BL35220L,1,5,0.6262673803939371,0.3162853874538526,0.014814733368374881,7.971409116967836E-4,0.04183535787213861
BL35220L31,BL35220L,3,1,0.13084435646290998,0.5056546996912143,0.045959923662669884,0.007208974758269363,0.31033204542493653
BL35220L33,BL35220L,3,3,0.16511210218193254,0.6380841535787349,0.09501584972072899,0.002645240952421075,0.09914265356618253
BL35220L41,BL35220L,4,1,0.0,0.8832538622486812,0.016717596574648413,0.011740000954736889,0.08828854022193348
BL35220L43,BL35220L,4,3,0.0,0.9452909484444862,0.029312080286660613,0.003630899039876405,0.02176607222897668
BL35220L61,BL35220L,6,1,0.0,0.9453157431272057,0.027868057111827237,0.017773843427229062,0.009042356333737856
BL35220L62,BL35220L,6,2,0.0,0.963585021995624,0.0298273341956808,0.0030203016886855482,0.0035673421200096674
BL35221O11,BL35221O,1,1,0.0021598827155082136,0.020721359884383284,0.10755704549248805,0.013816834952322289,0.8557448769552981
BL35221O12,BL35221O,1,2,0.0020028186046893415,0.019214527155999375,0.12007668200196671,0.013693669516457974,0.8450123027208867
BL35221O13,BL35221O,1,3,0.002281990204637367,0.02189282776486414,0.0595133308778469,0.025410789628954395,0.8909010615236972
BL35221O14,BL35221O,1,4,0.0020245461538560237,0.01942297568075296,0.03885184663906975,0.025743182241440208,0.9139574492848811
BL35222M11,BL35222M,1,1,0.7970230073108799,0.13761541742491656,0.036290764454697026,0.012677334696873875,0.016393476112632525
BL35222M13,BL35222M,1,3,0.7893859461869117,0.1362967887970926,0.04261500357704833,0.007031527326974709,0.024670734111972653
BL35222M21,BL35222M,2,1,0.12984387986158433,0.5887136071564902,0.2406788695306102,0.01003345107720021,0.030730192374115253
BL35222M23,BL35222M,2,3,0.12293199242816372,0.5573750320343789,0.27016512110221486,0.005319820201470566,0.04420803423377199
BL35224M11,BL35224M,1,1,0.00833406646245569,0.08708412736250626,0.901783324487823,0.0027984239027417403,5.77844735347186E-8
BL35224M14,BL35224M,1,4,0.007255820175870784,0.07581734212961748,0.9160036369630311,9.231882826979621E-4,1.2448782543598157E-8
BL35224M21,BL35224M,2,1,0.0045858793197521815,0.1644414532549784,0.8303782799682602,5.943467543777662E-4,4.070263156284875E-8
BL35224M24,BL35224M,2,4,0.004029527209218331,0.1444916588538024,0.8512809174799315,1.978876071118824E-4,8.849935961465104E-9
BL35225P15,BL35225P,1,5,0.005094756311288143,0.20955135788232707,0.15564601564200595,0.02345273114091543,0.6062551390234633
BL35225P16,BL35225P,1,6,0.006037722497839425,0.24833630317816616,0.16709193905819722,0.01800130099913532,0.5605327342666618
BL35226L11,BL35226L,1,1,0.012420247609847642,0.4453679271395195,0.5355779785179584,0.005443788737877029,0.0011900579947972784
BL35226L13,BL35226L,1,3,0.005339120710655691,0.19145134608806508,0.8014600990514291,9.773274631680426E-4,7.721066866820634E-4
BL35232L21,BL35232L,2,1,0.45839291650708935,0.4215286229121687,0.04296277387353813,0.0012975959965206719,0.07581809071068309
BL35232L22,BL35232L,2,2,0.46987700170243857,0.432089149577128,0.043412783735592174,8.454271046887005E-4,0.053775637880152515
BL35236H11,BL35236H,1,1,0.7887893747527909,0.09727764611967754,0.11389979805482305,3.318107256447525E-5,1.4389996907941502E-13
BL35236H13,BL35236H,1,3,0.8013480047981049,0.1517692618121222,0.046823473020131616,5.926036850840574E-5,1.1329372968311463E-12
BL35236H21,BL35236H,2,1,0.6006476599967867,0.2542016881914203,0.14514089944795014,9.75236370263767E-6,1.4027009910948527E-13
BL35236H23,BL35236H,2,3,0.5721665899255093,0.37187055869203167,0.05594651986867957,1.633151274398014E-5,1.0355066080498686E-12
BL35239E11,BL35239E,1,1,0.5606859114286785,0.34807858180461226,0.0910527649141216,1.8274185040811363E-4,2.1795614648698217E-12
BL35239E15,BL35239E,1,5,0.5897299158241537,0.36610934671922163,0.030589527675216468,0.004354110712371316,0.009217099069036767
BL35239E16,BL35239E,1,6,0.606109615824955,0.3762780037702543,0.0077346144788632155,0.002581091437998961,0.00729667448792834
BL35239E21,BL35239E,2,1,0.8064245643304551,0.14588638603605994,0.023468921977629675,0.015074116688001757,0.009146010967853451
BL35239E22,BL35239E,2,2,0.8114658554564101,0.1467983817463244,0.02545623445079416,0.008863051155318621,0.007416477191152725
BL35239E23,BL35239E,2,3,0.8043500928142978,0.1455111033799839,0.024931970813486515,0.015386175903570278,0.009820657088661653
BL35239E24,BL35239E,2,4,0.8271516416811238,0.14963602182535352,0.0063076053855373165,0.009125919229446307,0.007778811878539268
BL35241P31,BL35241P,3,1,0.672549025353174,0.2067211245342221,0.02376138877566187,0.018041641040129442,0.0789268202968127
BL35241P32,BL35241P,3,2,0.6876351864326415,0.21135815182247708,0.01732621099873752,0.014884461185055861,0.06879598956108798
BL35241P33,BL35241P,3,3,0.2140588527345045,0.06579518382402692,0.0070042501602442814,0.0075901822275735,0.7055515310536509
BL35241P34,BL35241P,3,4,0.23855359503697202,0.07332412295420118,0.0061414407121382205,0.007378180006562504,0.6746026612901261
BL35251L11,BL35251L,1,1,0.0013248416029637616,0.012710189978234934,0.058248606945361776,0.00862255318542993,0.9190938082880097
BL35251L12,BL35251L,1,2,0.0011629677554597722,0.011157213871747262,0.05005481372188105,0.00848359788235498,0.9291414067685569
BL35258M11,BL35258M,1,1,0.693724629457756,0.2804362237190657,0.02560658058950276,2.3090584734044257E-4,1.6603863351553144E-6
BL35258M12,BL35258M,1,2,0.6938434507366912,0.2804842568857533,0.02546742864202812,2.0308151909920568E-4,1.7822164282472417E-6
BL35258M13,BL35258M,1,3,0.5977183067349182,0.37106860772871364,0.026091660507680147,0.0027508416449487164,0.002370583383739159
BL35258M14,BL35258M,1,4,0.5905295257391985,0.3666057513542452,0.03772698854222338,0.0027087038854598,0.0024290304788731803
BL35258M21,BL35258M,2,1,0.2901278998177921,0.6298307630656056,0.07906271001032153,9.73776027395926E-4,4.851078885146487E-6
BL35258M22,BL35258M,2,2,0.2902905330490029,0.6301838191218402,0.07866367016077234,8.567686171629939E-4,5.209051221651624E-6
BL35260M11,BL35260M,1,1,0.44818997461348203,0.4121462090676506,0.0321493305346986,0.0012493864373588487,0.10626509934680999
